0	121	0
0	59	53
0	23	84
0	23	87
0	18	97
0	19	97
0	134	111
0	18	112
0	19	112
0	278	123
0	224	159
0	271	212
0	270	213
0	26	260
0	10	266
0	134	283
0	19	284
0	65	289
0	221	315
0	134	323
0	238	332
0	65	334
0	230	352
0	231	352
0	97	366
0	273	372
0	307	379
0	99	427
0	72	553
0	183	553
0	183	554
0	58	562
0	183	562
0	183	566
0	166	576
0	307	578
0	221	611
0	230	618
0	230	619
0	50	622
0	65	692
0	327	692
0	148	696
0	134	735
0	166	787
0	275	813
0	221	816
0	183	816
0	183	818
0	183	823
0	275	827
0	230	857
0	231	857
0	183	863
0	278	874
0	134	903
0	160	908
0	236	908
0	183	908
0	246	929
0	72	930
0	282	930
0	316	973
0	65	980
0	65	981
0	172	981
0	255	981
1	105	516
1	32	863
1	282	930
2	323	607
2	157	759
3	134	111
3	147	566
3	134	607
3	134	735
3	157	754
3	157	757
3	157	762
3	147	825
3	147	914
4	183	784
5	115	546
5	32	914
7	262	115
7	134	323
7	121	375
8	134	323
8	273	372
8	32	553
8	147	553
8	147	566
8	157	754
8	157	757
8	134	903
10	147	566
10	134	735
11	157	757
12	190	159
12	92	618
12	228	914
13	183	784
14	246	823
16	226	16
16	183	82
16	58	562
16	58	567
16	58	784
16	183	817
17	64	270
17	72	784
17	133	784
18	273	372
19	134	323
20	69	839
21	134	903
23	273	372
24	259	30
27	134	283
27	14	286
27	166	576
27	134	735
27	134	903
28	273	372
29	325	30
29	262	112
29	134	283
29	262	286
29	134	323
29	273	372
29	134	607
29	134	735
29	166	787
29	325	834
29	14	834
29	262	834
29	134	903
30	134	2
30	262	3
30	262	6
30	14	8
30	262	11
30	262	22
30	325	24
30	134	26
30	259	29
30	259	30
30	325	30
30	259	31
30	259	40
30	259	43
30	273	62
30	262	75
30	14	96
30	262	96
30	14	105
30	14	108
30	262	108
30	262	109
30	134	111
30	244	112
30	262	112
30	14	112
30	67	115
30	244	115
30	14	115
30	262	115
30	274	157
30	325	180
30	274	230
30	134	283
30	262	286
30	14	286
30	14	299
30	262	299
30	134	323
30	274	340
30	274	341
30	325	341
30	274	342
30	274	343
30	274	348
30	273	358
30	273	359
30	262	362
30	273	366
30	274	368
30	273	372
30	273	373
30	262	373
30	273	375
30	259	426
30	262	432
30	274	478
30	274	523
30	274	525
30	339	547
30	274	553
30	274	555
30	274	566
30	166	575
30	166	576
30	262	600
30	262	602
30	134	607
30	262	613
30	274	617
30	262	619
30	262	640
30	134	648
30	339	735
30	134	735
30	134	738
30	274	784
30	274	786
30	166	787
30	274	813
30	274	814
30	274	816
30	274	817
30	325	831
30	14	831
30	262	831
30	14	834
30	325	839
30	262	856
30	274	864
30	134	903
30	325	974
31	325	30
32	14	112
32	273	372
33	86	566
34	259	34
34	325	34
35	329	442
37	208	112
37	209	112
37	349	112
37	134	283
37	349	284
37	349	286
37	262	286
37	14	286
37	134	323
37	273	372
37	121	375
37	259	426
37	325	426
37	274	478
37	274	566
37	134	607
37	274	617
37	134	735
37	134	903
38	134	735
39	14	39
39	134	323
39	262	362
40	259	30
40	325	30
40	325	40
40	14	112
40	349	284
40	262	286
40	134	323
40	273	372
40	274	566
40	134	735
40	166	787
40	134	903
41	134	283
41	134	323
41	134	735
41	134	903
42	134	2
43	325	30
43	14	286
43	262	286
43	283	566
44	121	0
44	259	44
44	325	44
44	278	44
44	14	112
44	262	112
44	262	286
44	134	323
44	273	372
44	72	553
44	166	576
44	134	607
44	134	735
44	183	813
44	134	903
45	86	562
46	14	115
46	273	372
47	212	570
48	275	236
48	36	236
51	86	784
52	164	0
53	59	0
53	59	53
53	243	53
53	32	82
53	18	97
53	19	97
53	86	148
53	59	190
53	270	208
53	271	212
53	270	213
53	32	234
53	86	234
53	26	260
53	257	266
53	282	322
53	134	323
53	313	376
53	135	376
53	32	553
53	32	554
53	86	554
53	32	562
53	86	562
53	32	566
53	86	566
53	313	704
53	135	704
53	32	784
53	86	784
53	32	814
53	86	814
53	32	816
53	86	816
53	32	823
53	32	827
53	275	827
53	86	827
53	86	863
53	134	903
53	32	906
53	86	906
53	86	908
53	32	914
53	86	914
53	86	929
53	327	981
54	112	704
56	59	55
57	23	87
57	301	251
57	32	348
57	301	348
57	86	348
57	86	566
57	212	784
57	23	795
57	301	817
60	263	310
60	128	566
61	183	566
61	330	857
63	58	566
64	93	159
64	134	976
65	38	65
66	259	66
66	262	286
66	134	903
68	32	89
68	175	215
68	127	215
68	86	230
68	283	234
68	165	310
68	254	393
68	329	442
68	189	442
68	127	442
68	127	450
68	7	516
68	32	553
68	32	562
68	283	562
68	32	566
68	32	567
68	321	570
68	212	570
68	321	784
68	212	784
68	32	786
68	86	786
68	329	878
68	127	878
68	212	905
68	32	914
68	321	914
68	212	914
69	335	69
69	141	212
69	335	222
69	335	223
70	134	111
70	18	112
70	19	112
70	19	284
70	32	527
70	32	562
70	86	566
70	134	607
70	134	735
70	157	761
70	86	813
70	134	903
71	7	516
72	327	981
73	59	0
73	35	0
73	171	0
73	327	73
73	171	73
73	22	73
73	279	73
73	343	73
73	255	73
73	22	74
73	15	82
73	190	159
73	15	159
73	327	255
73	279	473
73	15	553
73	15	562
73	15	566
73	15	567
73	91	618
73	92	618
73	15	622
73	15	784
73	15	812
73	15	863
73	15	908
73	15	929
75	18	112
75	19	112
77	24	284
79	23	79
79	197	270
80	319	600
80	79	600
80	256	622
82	172	289
82	166	576
84	32	566
84	32	823
85	256	85
88	134	323
88	32	562
88	157	757
88	157	759
88	157	760
88	157	762
89	277	787
89	166	787
90	166	787
91	23	91
91	26	260
92	134	735
93	24	112
93	18	112
93	19	112
93	24	284
93	134	323
93	134	735
94	134	323
95	134	111
95	14	115
95	134	323
95	273	372
95	14	602
95	262	602
95	134	607
97	18	112
97	273	372
97	134	735
97	157	757
98	326	98
98	134	283
98	263	310
98	151	316
98	145	562
98	163	611
98	263	611
98	151	611
98	339	744
98	183	784
99	183	241
99	183	249
99	183	784
99	183	823
99	183	908
100	134	283
100	147	566
100	134	607
101	134	323
102	112	945
104	166	576
105	24	105
105	122	105
105	18	105
105	18	112
105	19	112
105	122	284
105	134	323
105	147	348
105	273	372
105	147	562
105	32	566
105	147	566
105	134	607
105	134	735
105	24	754
105	122	754
105	24	759
105	122	759
105	122	760
105	122	761
105	122	762
105	147	784
105	147	786
105	134	903
105	147	906
107	151	546
108	134	2
108	134	26
108	18	93
108	19	93
108	134	111
108	24	112
108	18	112
108	19	112
108	122	112
108	19	113
108	18	115
108	19	115
108	263	159
108	134	283
108	24	284
108	122	284
108	24	286
108	122	286
108	19	286
108	134	323
108	147	343
108	147	348
108	273	358
108	273	359
108	273	361
108	273	366
108	273	369
108	273	372
108	147	553
108	147	554
108	147	555
108	147	560
108	147	562
108	147	566
108	183	566
108	134	607
108	134	735
108	122	753
108	24	754
108	122	754
108	134	754
108	24	757
108	122	757
108	24	759
108	24	760
108	147	784
108	147	786
108	147	813
108	147	814
108	147	816
108	147	817
108	147	827
108	147	830
108	18	834
108	19	834
108	147	863
108	147	864
108	134	903
108	147	904
108	147	906
108	147	908
108	147	914
108	24	963
108	24	991
109	134	323
109	273	372
109	147	554
109	157	767
110	161	260
111	90	323
111	323	607
111	206	735
111	157	757
111	157	761
111	206	903
112	134	2
112	134	26
112	32	82
112	18	93
112	19	93
112	18	95
112	19	95
112	18	97
112	19	97
112	18	108
112	19	109
112	134	111
112	19	112
112	24	112
112	122	112
112	18	112
112	18	113
112	19	113
112	18	115
112	19	115
112	122	115
112	134	283
112	24	284
112	281	284
112	122	284
112	19	284
112	24	286
112	122	286
112	19	286
112	18	299
112	19	299
112	134	323
112	32	343
112	147	343
112	147	348
112	273	362
112	18	362
112	19	362
112	273	366
112	273	372
112	86	527
112	147	553
112	147	554
112	147	555
112	32	556
112	147	556
112	147	557
112	32	559
112	32	562
112	147	562
112	86	562
112	32	566
112	147	566
112	134	575
112	24	602
112	122	602
112	134	607
112	221	611
112	122	622
112	134	735
112	157	751
112	157	754
112	157	757
112	157	759
112	157	760
112	157	761
112	157	764
112	32	784
112	147	784
112	147	786
112	32	813
112	147	813
112	147	814
112	32	816
112	86	816
112	32	817
112	147	817
112	147	827
112	18	833
112	18	834
112	19	834
112	147	863
112	134	903
112	32	908
112	147	908
112	147	914
112	24	963
114	262	112
114	208	114
114	209	114
114	134	323
115	18	95
115	19	95
115	134	111
115	18	112
115	19	112
115	134	323
115	273	372
115	283	566
115	134	607
116	221	611
117	208	115
117	208	117
117	209	117
117	349	117
117	262	117
117	134	323
118	208	115
118	209	115
118	349	115
118	273	372
119	68	799
119	319	799
119	72	905
120	319	120
120	79	120
121	167	0
121	166	121
121	315	784
121	166	789
122	145	566
123	282	0
123	252	82
123	278	123
123	278	336
123	252	553
123	252	569
123	278	570
123	282	746
123	252	784
123	252	786
123	166	787
123	166	789
123	166	791
123	278	827
123	282	874
123	278	874
123	252	875
123	252	929
123	282	930
124	147	786
124	134	903
125	183	82
125	326	125
125	233	125
125	327	125
125	255	125
125	339	159
125	231	159
125	230	159
125	263	159
125	263	310
125	339	367
125	183	554
125	183	556
125	184	562
125	183	562
125	184	566
125	183	566
125	163	611
125	151	735
125	298	735
125	263	735
125	339	744
125	183	784
125	276	813
125	276	814
125	276	817
125	276	827
126	151	310
127	221	499
127	32	562
127	32	566
127	32	863
128	32	82
128	212	82
128	329	129
128	62	129
128	127	129
128	175	414
128	329	442
128	127	442
128	32	566
128	212	905
128	175	926
130	213	562
130	213	908
131	32	566
131	86	566
131	221	611
133	227	363
133	112	427
133	227	427
133	31	535
133	112	704
133	135	709
134	329	442
135	32	562
136	231	159
137	231	407
139	11	58
139	330	129
140	123	137
140	306	467
140	41	496
140	123	496
140	58	562
140	183	566
141	121	0
141	215	107
141	325	141
141	278	141
141	319	307
141	215	482
141	259	484
141	93	494
141	79	494
141	215	494
141	66	495
141	93	495
141	215	495
141	93	496
141	79	496
141	215	496
141	215	497
141	215	501
141	72	553
141	183	566
141	166	576
141	215	591
141	215	592
141	111	592
141	97	595
141	215	595
141	319	600
141	20	619
141	79	619
141	256	622
141	20	622
141	111	622
141	259	631
141	66	647
141	259	725
141	134	735
141	166	787
141	319	800
141	97	857
141	93	857
141	215	857
141	121	951
142	72	786
143	245	0
143	231	159
143	40	562
143	166	576
143	166	787
143	245	951
144	245	0
144	306	143
144	230	159
144	231	159
144	151	611
147	32	562
148	138	195
148	339	195
148	160	562
148	275	823
148	160	827
148	275	827
148	173	981
150	62	442
150	62	460
150	32	554
150	32	566
152	154	152
152	154	307
152	32	553
152	212	553
152	32	554
152	32	566
153	23	87
153	212	570
155	151	310
155	276	336
155	183	566
155	339	744
156	151	546
156	183	566
156	129	619
156	163	619
156	163	622
156	185	786
158	255	158
159	298	0
159	339	0
159	263	0
159	151	0
159	298	59
159	263	59
159	128	82
159	183	82
159	233	98
159	129	113
159	263	141
159	298	145
159	151	145
159	263	146
159	151	146
159	233	156
159	129	159
159	99	159
159	230	159
159	327	159
159	231	159
159	233	159
159	263	159
159	326	159
159	339	159
159	151	159
159	255	159
159	263	167
159	151	171
159	298	175
159	263	180
159	183	186
159	298	192
159	128	234
159	183	235
159	263	258
159	151	258
159	26	260
159	263	270
159	298	310
159	263	310
159	151	310
159	263	311
159	151	311
159	298	312
159	298	314
159	151	316
159	151	322
159	263	322
159	298	326
159	263	326
159	151	326
159	263	327
159	163	333
159	276	336
159	184	348
159	128	348
159	183	348
159	230	352
159	231	352
159	263	365
159	326	366
159	339	367
159	263	375
159	183	386
159	163	392
159	129	401
159	263	418
159	263	484
159	263	486
159	230	497
159	231	497
159	99	502
159	298	504
159	128	506
159	184	506
159	298	546
159	263	546
159	151	546
159	263	551
159	184	553
159	185	553
159	276	553
159	183	553
159	128	554
159	276	554
159	184	554
159	183	554
159	184	555
159	128	556
159	276	556
159	183	556
159	184	557
159	185	557
159	184	562
159	276	562
159	128	562
159	183	562
159	184	566
159	276	566
159	128	566
159	183	566
159	184	568
159	128	568
159	276	569
159	166	576
159	151	579
159	326	588
159	263	601
159	163	611
159	163	614
159	129	619
159	163	619
159	163	622
159	263	648
159	263	667
159	263	683
159	263	734
159	151	734
159	151	735
159	298	735
159	134	735
159	263	735
159	339	744
159	263	745
159	263	755
159	263	757
159	263	759
159	185	784
159	276	784
159	183	784
159	128	786
159	185	786
159	276	786
159	183	786
159	166	787
159	276	813
159	183	813
159	184	814
159	276	814
159	128	816
159	184	816
159	128	817
159	276	817
159	184	817
159	183	817
159	183	823
159	276	827
159	151	837
159	339	839
159	339	843
159	151	845
159	183	863
159	326	882
159	185	904
159	276	904
159	151	908
159	298	908
159	276	908
159	183	908
159	276	929
159	183	929
159	185	930
159	276	930
159	263	954
159	263	974
159	163	980
159	263	988
159	263	992
160	270	213
160	148	987
161	282	868
162	7	449
162	86	554
162	32	562
163	26	260
163	32	825
164	86	566
164	32	908
165	112	703
165	112	704
166	236	908
168	268	347
168	268	567
169	331	827
170	268	170
172	7	512
173	156	449
173	32	566
173	154	920
175	255	981
177	18	112
177	19	112
177	134	323
178	246	166
178	246	930
178	65	981
179	22	73
179	15	784
179	15	908
180	349	8
180	319	8
180	319	33
180	72	82
180	349	83
180	94	83
180	262	83
180	56	84
180	205	88
180	205	112
180	319	113
180	205	115
180	262	115
180	319	115
180	319	116
180	94	152
180	97	156
180	97	159
180	262	159
180	25	180
180	68	182
180	205	182
180	319	266
180	205	284
180	205	285
180	94	286
180	349	286
180	205	286
180	262	286
180	349	301
180	205	301
180	210	307
180	349	307
180	94	307
180	319	307
180	97	366
180	97	372
180	297	484
180	97	494
180	20	535
180	349	535
180	349	537
180	349	539
180	349	541
180	72	553
180	166	575
180	166	576
180	349	600
180	262	600
180	319	600
180	262	603
180	319	603
180	97	618
180	262	618
180	262	619
180	103	619
180	111	619
180	210	619
180	56	619
180	349	619
180	94	619
180	97	620
180	349	620
180	94	620
180	103	622
180	210	622
180	56	622
180	349	622
180	94	622
180	97	647
180	262	647
180	349	653
180	319	656
180	262	659
180	262	660
180	349	661
180	94	661
180	349	676
180	262	676
180	349	677
180	94	677
180	103	677
180	134	735
180	97	738
180	349	775
180	262	775
180	319	775
180	349	778
180	94	778
180	72	784
180	166	784
180	166	786
180	166	787
180	166	789
180	319	797
180	319	798
180	205	799
180	319	799
180	349	801
180	319	801
180	319	802
180	319	803
180	319	804
180	319	808
180	319	809
180	319	810
180	25	849
180	205	856
180	97	857
180	66	857
180	25	858
180	349	858
180	94	858
180	262	858
180	25	859
180	349	859
180	25	862
180	72	914
180	72	929
180	349	980
180	103	980
180	262	982
181	319	307
182	262	676
183	59	0
183	112	704
183	227	704
185	120	185
185	183	465
185	120	480
187	119	200
187	282	746
187	212	786
194	23	193
194	32	553
194	212	553
200	294	187
200	332	187
200	113	187
200	116	187
200	248	187
200	333	188
200	296	189
200	114	189
200	333	189
200	118	189
200	183	231
200	183	234
200	183	243
200	116	272
200	113	272
200	332	272
200	294	272
200	72	553
200	295	553
200	183	566
200	72	784
200	249	784
200	117	784
200	183	784
200	183	818
200	183	863
202	86	562
203	254	393
203	127	407
203	329	442
203	127	442
203	127	450
203	7	516
203	32	554
203	32	562
203	32	566
203	86	816
204	32	348
204	127	442
204	32	562
205	32	562
206	32	234
206	60	450
207	7	521
210	11	309
211	72	746
212	141	53
212	23	84
212	270	99
212	63	151
212	230	159
212	304	160
212	84	160
212	270	208
212	304	212
212	83	212
212	84	212
212	141	212
212	148	213
212	270	213
212	84	298
212	270	430
212	230	619
212	39	622
212	141	623
212	72	784
212	84	867
212	72	930
212	148	987
213	183	241
213	183	249
213	183	562
213	183	696
214	270	208
214	270	213
218	266	988
218	225	989
219	339	167
221	230	515
222	271	69
222	270	99
222	270	208
222	271	212
222	270	213
222	270	430
222	32	553
222	32	555
222	221	611
222	271	623
222	32	772
222	32	818
222	32	904
223	271	69
223	270	99
223	270	208
224	72	280
224	152	379
224	236	380
224	183	863
224	72	904
224	72	929
226	250	332
226	160	563
228	250	332
228	251	332
228	183	525
228	183	562
228	250	621
228	251	621
228	183	786
232	160	556
233	199	233
233	72	784
233	320	827
233	72	904
233	72	929
234	339	0
234	334	0
234	138	198
234	174	332
234	160	525
234	173	621
234	174	621
234	72	784
234	160	819
234	160	827
234	160	863
234	72	905
234	160	908
234	72	929
235	226	159
238	65	263
238	246	827
241	8	50
241	268	567
241	339	908
241	324	908
242	134	735
245	183	562
246	32	240
246	34	562
246	86	562
247	112	704
252	266	252
252	266	988
253	283	555
253	32	817
254	189	442
255	255	73
255	15	562
255	15	622
256	273	372
259	105	516
259	32	818
260	65	105
260	161	260
260	65	263
260	65	288
260	65	334
260	246	336
260	65	389
260	65	390
260	65	391
260	161	475
260	246	553
260	246	554
260	246	562
260	65	622
260	65	748
260	65	783
260	246	784
260	246	823
260	246	827
260	246	904
260	246	906
260	246	908
260	246	914
260	246	929
260	246	930
260	65	980
260	65	981
261	246	89
262	246	82
262	331	825
262	246	930
263	23	78
263	86	82
263	23	87
263	23	89
263	284	148
263	32	233
263	32	234
263	26	238
263	32	241
263	284	241
263	26	260
263	26	262
263	280	263
263	255	263
263	26	268
263	197	268
263	197	269
263	195	270
263	197	270
263	281	289
263	281	304
263	221	310
263	221	314
263	221	325
263	86	336
263	260	344
263	280	399
263	26	475
263	86	506
263	7	512
263	283	554
263	284	554
263	86	555
263	284	557
263	32	562
263	284	562
263	86	562
263	26	565
263	32	566
263	284	566
263	86	566
263	264	611
263	221	611
263	195	682
263	32	784
263	86	784
263	32	813
263	284	813
263	32	814
263	32	816
263	86	816
263	32	818
263	32	823
263	32	825
263	72	825
263	32	827
263	32	863
263	86	863
263	32	864
263	23	904
263	86	905
263	23	905
263	86	906
263	32	908
263	86	908
263	32	914
263	212	914
263	86	914
263	23	924
263	86	929
263	32	930
263	26	931
263	196	962
263	280	981
264	195	270
264	198	389
265	26	260
265	32	814
265	275	814
266	195	270
266	282	579
266	264	973
267	133	562
268	26	260
269	26	260
269	64	270
269	195	270
269	197	270
269	64	462
269	26	475
269	86	566
269	195	741
269	72	825
269	133	914
270	3	12
270	4	12
270	26	260
270	218	263
270	64	268
270	64	270
270	218	334
270	26	337
270	26	346
270	5	472
270	26	475
270	133	562
270	183	562
270	145	566
270	133	566
270	183	566
270	339	622
270	72	784
270	133	784
270	133	813
270	133	814
270	72	825
270	26	826
270	133	863
270	133	908
270	72	914
270	133	917
270	72	930
270	26	931
271	59	0
271	59	622
271	112	704
271	59	704
271	227	704
271	227	718
273	151	103
273	183	784
279	334	0
281	268	348
284	282	0
284	134	2
284	221	25
284	134	26
284	18	67
284	19	67
284	32	82
284	18	93
284	19	93
284	18	95
284	19	95
284	18	101
284	19	101
284	18	106
284	19	106
284	18	108
284	18	111
284	19	111
284	134	111
284	18	112
284	19	112
284	18	115
284	19	115
284	18	116
284	18	117
284	19	117
284	18	119
284	19	119
284	157	220
284	32	229
284	32	234
284	86	234
284	32	239
284	32	278
284	134	283
284	19	284
284	18	299
284	19	299
284	221	317
284	221	321
284	134	323
284	32	348
284	273	358
284	18	362
284	19	362
284	273	366
284	273	371
284	273	372
284	273	373
284	32	527
284	32	553
284	32	554
284	32	555
284	86	555
284	32	556
284	32	557
284	32	562
284	86	562
284	32	566
284	283	566
284	86	566
284	32	567
284	86	567
284	32	568
284	109	570
284	134	575
284	221	607
284	134	607
284	221	611
284	221	648
284	134	735
284	157	751
284	157	752
284	221	754
284	157	754
284	157	756
284	157	757
284	157	758
284	157	759
284	221	760
284	157	760
284	157	761
284	157	762
284	157	763
284	157	766
284	157	767
284	32	784
284	32	786
284	166	787
284	32	813
284	32	814
284	32	816
284	86	816
284	32	817
284	86	817
284	32	818
284	86	818
284	32	825
284	32	827
284	32	830
284	18	834
284	19	834
284	32	863
284	134	903
284	32	906
284	32	908
284	86	908
284	32	914
284	321	914
284	212	914
284	32	929
284	32	930
284	321	930
284	212	930
286	32	82
286	147	82
286	18	108
286	134	111
286	18	112
286	19	112
286	18	113
286	19	113
286	18	115
286	19	115
286	134	283
286	18	299
286	19	299
286	282	323
286	134	323
286	32	348
286	147	348
286	273	366
286	273	372
286	147	527
286	32	553
286	147	553
286	147	555
286	147	560
286	32	562
286	147	562
286	32	566
286	147	566
286	86	566
286	147	568
286	134	607
286	221	611
286	134	735
286	157	754
286	157	756
286	157	757
286	157	758
286	157	759
286	221	760
286	157	760
286	157	761
286	157	762
286	157	763
286	157	764
286	157	765
286	157	766
286	147	773
286	32	784
286	147	784
286	134	784
286	32	786
286	147	786
286	147	813
286	32	814
286	147	814
286	147	816
286	32	817
286	147	817
286	32	825
286	147	825
286	147	827
286	32	863
286	147	863
286	147	864
286	134	903
286	147	905
286	147	906
286	32	908
286	147	908
286	32	914
286	147	914
286	32	929
287	232	389
287	32	566
287	86	566
287	247	566
287	32	784
287	86	784
287	247	930
287	255	980
288	247	929
289	32	82
289	7	149
289	284	251
289	327	263
289	327	289
289	54	289
289	255	289
289	327	290
289	221	310
289	238	332
289	327	334
289	255	344
289	317	389
289	198	389
289	7	512
289	7	516
289	32	553
289	32	554
289	283	554
289	32	562
289	283	562
289	32	566
289	86	566
289	212	570
289	282	579
289	221	611
289	238	621
289	282	746
289	32	814
289	32	816
289	283	816
289	86	816
289	275	817
289	275	823
289	32	825
289	283	827
289	275	863
289	32	908
289	86	908
289	32	914
289	86	914
289	32	930
289	282	930
289	255	941
289	54	980
289	327	980
289	257	981
289	52	981
289	327	981
289	255	981
290	255	289
291	32	562
291	139	981
291	255	981
292	136	68
292	303	68
292	216	292
292	258	292
292	216	294
292	216	452
292	42	695
293	303	68
295	183	566
296	134	111
296	115	310
296	336	516
296	157	757
296	157	761
297	329	442
298	270	213
298	335	222
298	335	223
299	18	112
299	19	112
299	273	361
299	273	372
299	147	555
299	32	566
299	134	735
300	23	78
300	23	87
300	197	270
301	86	230
301	86	566
302	45	742
302	46	914
304	23	87
305	164	0
305	99	427
306	164	0
306	99	427
307	32	82
307	283	82
307	23	87
307	18	113
307	19	113
307	32	166
307	165	180
307	86	229
307	86	230
307	32	279
307	317	284
307	18	299
307	19	299
307	232	307
307	317	307
307	54	307
307	221	323
307	86	348
307	7	449
307	165	484
307	105	516
307	7	516
307	32	527
307	32	553
307	321	553
307	212	553
307	32	554
307	32	557
307	32	562
307	86	562
307	32	566
307	283	566
307	86	566
307	221	611
307	317	619
307	232	622
307	281	622
307	317	622
307	54	622
307	317	677
307	32	784
307	86	784
307	165	805
307	32	814
307	32	818
307	86	818
307	32	823
307	32	825
307	32	827
307	32	863
307	86	863
307	109	874
307	32	908
307	86	908
307	32	914
307	32	930
307	317	980
314	151	546
314	151	579
314	163	622
319	184	566
320	300	284
320	183	566
320	319	799
322	166	787
323	323	111
323	90	735
323	206	735
323	207	735
329	205	112
330	32	562
330	32	914
331	32	277
331	32	562
331	32	566
332	72	82
332	145	82
332	150	216
332	110	332
332	211	332
332	314	332
332	350	332
332	159	332
332	72	553
332	145	553
332	145	562
332	145	566
332	145	567
332	63	743
332	72	784
332	72	904
332	145	904
332	72	905
332	72	929
332	145	929
332	150	938
332	150	939
332	150	940
332	51	981
332	172	981
333	7	516
333	32	825
333	283	863
333	165	976
334	23	76
334	86	82
334	23	87
334	32	234
334	26	260
334	26	268
334	195	270
334	197	270
334	255	289
334	196	303
334	197	319
334	282	322
334	238	332
334	54	334
334	198	389
334	26	475
334	7	512
334	7	516
334	221	519
334	283	527
334	32	554
334	86	555
334	32	557
334	32	562
334	86	562
334	86	566
334	282	579
334	221	611
334	238	621
334	282	746
334	72	784
334	212	784
334	275	814
334	284	814
334	86	814
334	283	816
334	32	817
334	283	817
334	32	818
334	32	825
334	86	825
334	32	827
334	275	827
334	32	863
334	284	863
334	32	908
334	283	908
334	275	908
334	86	908
334	32	914
334	72	914
334	86	914
334	23	924
334	72	929
334	32	929
334	86	929
334	72	930
334	282	930
334	212	930
334	196	958
334	196	961
334	196	962
334	280	981
334	257	981
334	327	981
335	23	78
335	197	270
335	196	303
335	229	332
335	32	555
335	32	813
335	275	813
335	32	914
335	72	914
335	196	961
335	327	981
336	222	787
336	166	787
336	173	981
337	246	337
341	274	341
343	275	566
344	327	289
344	72	914
344	32	914
344	212	914
344	86	914
344	32	930
344	327	981
345	183	823
345	98	827
345	275	827
349	224	159
349	185	553
349	183	554
349	183	562
349	263	908
350	233	159
350	233	350
350	183	562
350	233	625
350	339	744
351	221	611
352	326	159
352	151	546
352	276	784
352	166	787
353	245	0
353	40	89
353	265	111
353	41	156
353	230	159
353	231	159
353	58	234
353	40	280
353	306	353
353	230	449
353	306	467
353	306	494
353	306	500
353	40	554
353	58	554
353	40	562
353	58	562
353	183	562
353	58	563
353	40	566
353	145	566
353	58	566
353	166	787
353	40	813
353	145	813
353	40	814
353	40	904
353	40	906
353	40	919
353	245	951
354	41	156
355	255	494
355	306	591
356	230	159
357	134	323
357	72	784
357	183	784
359	14	108
359	134	323
360	273	360
360	122	360
361	273	361
361	147	553
361	134	735
362	18	112
362	19	112
362	18	113
362	19	113
362	134	323
362	273	362
362	157	759
366	233	159
366	233	366
366	99	366
366	263	375
366	128	553
366	185	553
366	183	553
366	129	618
366	134	903
370	96	372
370	95	372
372	134	111
372	129	112
372	163	112
372	129	115
372	95	159
372	230	159
372	231	159
372	134	283
372	129	286
372	134	323
372	183	348
372	233	366
372	230	366
372	231	366
372	96	372
372	233	372
372	129	372
372	95	372
372	183	554
372	184	562
372	183	566
372	134	607
372	134	735
372	72	784
372	185	784
372	134	903
373	134	283
373	134	323
373	273	373
373	134	607
374	134	735
376	227	53
376	227	376
376	135	376
376	31	399
376	112	704
376	227	704
376	31	899
377	267	159
378	176	379
378	58	506
378	58	562
379	339	0
379	309	82
379	286	224
379	275	233
379	310	274
379	311	274
379	310	275
379	201	276
379	202	276
379	201	277
379	202	277
379	58	277
379	201	278
379	202	278
379	228	279
379	201	279
379	202	279
379	310	279
379	311	279
379	72	280
379	201	280
379	202	280
379	320	348
379	312	348
379	275	348
379	201	378
379	202	378
379	176	379
379	307	379
379	308	379
379	285	379
379	286	379
379	286	380
379	286	402
379	58	526
379	286	552
379	72	553
379	203	553
379	309	553
379	200	553
379	312	562
379	58	562
379	58	563
379	58	568
379	307	578
379	310	578
379	311	578
379	201	768
379	202	768
379	310	768
379	311	768
379	72	784
379	309	784
379	72	786
379	320	813
379	320	816
379	275	817
379	320	817
379	203	817
379	275	818
379	201	820
379	202	820
379	98	821
379	201	821
379	202	821
379	310	821
379	311	821
379	201	822
379	202	822
379	310	822
379	98	823
379	275	823
379	203	823
379	312	827
379	98	827
379	275	827
379	203	827
379	72	904
379	228	906
379	309	906
379	312	908
379	98	908
379	72	929
381	286	379
382	213	562
382	213	568
382	183	816
385	288	385
385	287	385
385	288	552
385	289	554
385	58	562
385	58	815
385	287	911
386	287	348
386	288	469
386	288	554
386	289	554
386	58	554
386	191	554
386	290	863
386	288	937
386	191	937
388	288	278
388	288	383
388	288	385
388	289	385
388	287	385
388	288	387
388	288	470
388	58	506
388	288	554
388	289	554
388	58	554
388	287	554
388	288	555
388	287	555
388	58	562
388	58	568
388	58	812
388	287	816
388	74	827
388	288	829
388	289	829
388	290	863
388	288	912
388	288	937
388	287	937
389	32	82
389	284	209
389	32	234
389	86	234
389	32	250
389	86	250
389	32	251
389	232	389
389	317	389
389	327	389
389	255	389
389	255	391
389	327	391
389	105	516
389	7	516
389	86	527
389	32	562
389	86	562
389	32	566
389	284	566
389	86	566
389	32	616
389	86	616
389	232	622
389	317	622
389	32	784
389	86	784
389	32	825
389	32	863
389	86	863
389	86	906
389	32	907
389	32	908
389	284	908
389	86	908
389	32	929
389	32	930
389	86	930
390	284	930
391	255	289
391	232	389
391	327	389
391	86	557
391	32	562
391	86	871
393	127	437
393	292	583
393	127	887
394	46	914
395	187	527
395	86	527
395	28	567
395	344	579
395	27	742
395	45	742
395	32	825
395	32	827
395	187	827
395	86	827
395	32	908
395	28	914
395	46	914
395	32	930
396	7	516
397	0	399
398	115	546
398	212	784
399	165	0
399	23	80
399	32	82
399	23	84
399	23	87
399	7	149
399	32	166
399	86	166
399	165	167
399	32	234
399	32	241
399	86	295
399	165	322
399	165	336
399	219	397
399	0	399
399	100	399
399	101	399
399	165	399
399	153	399
399	154	399
399	219	399
399	165	427
399	23	448
399	7	449
399	165	503
399	32	506
399	7	512
399	100	513
399	106	516
399	7	516
399	7	521
399	165	547
399	165	551
399	32	554
399	283	554
399	86	554
399	283	555
399	283	557
399	86	557
399	32	562
399	86	562
399	32	566
399	283	566
399	86	566
399	165	569
399	212	570
399	165	579
399	221	611
399	32	616
399	86	616
399	165	704
399	32	784
399	212	784
399	86	784
399	57	784
399	283	784
399	212	786
399	86	786
399	32	813
399	283	813
399	32	817
399	283	817
399	86	818
399	32	825
399	283	825
399	32	827
399	7	837
399	86	863
399	32	864
399	283	864
399	101	899
399	86	907
399	32	908
399	283	908
399	86	908
399	32	914
399	212	914
399	86	914
399	57	914
399	283	914
399	0	920
399	154	920
399	23	923
399	23	924
399	32	930
399	212	930
399	86	930
399	57	930
399	283	930
399	219	981
399	165	992
400	212	784
400	154	920
403	32	554
403	284	554
404	32	863
405	6	30
406	329	434
408	329	442
408	146	784
408	142	784
409	327	888
411	32	929
412	255	888
412	255	892
413	329	442
414	72	784
416	329	442
419	6	30
419	262	108
419	134	111
419	349	112
419	262	112
419	349	115
419	262	115
419	134	283
419	349	284
419	349	286
419	262	286
419	134	323
419	274	340
419	273	372
419	121	375
419	259	426
419	325	426
419	274	566
419	134	735
419	274	816
419	134	903
420	121	372
420	273	372
420	259	426
420	14	834
421	349	286
421	262	286
421	274	566
421	134	735
422	349	115
422	273	372
423	134	323
424	6	30
424	208	112
424	209	112
424	349	112
424	208	115
424	209	115
424	349	115
424	262	115
424	349	284
424	349	286
424	262	286
424	273	372
424	259	426
424	325	426
424	274	478
424	349	602
424	262	602
425	325	426
426	134	2
426	349	8
426	262	8
426	262	22
426	325	30
426	6	30
426	6	32
426	259	37
426	325	37
426	6	37
426	349	70
426	349	88
426	262	95
426	208	96
426	209	96
426	349	96
426	262	96
426	209	97
426	349	97
426	209	108
426	262	109
426	134	111
426	68	112
426	262	112
426	14	112
426	208	112
426	209	112
426	349	112
426	208	113
426	209	113
426	349	113
426	208	115
426	209	115
426	349	115
426	262	115
426	274	157
426	274	230
426	134	283
426	208	284
426	349	284
426	208	286
426	349	286
426	262	286
426	14	286
426	208	299
426	209	299
426	349	299
426	134	323
426	274	340
426	274	341
426	274	343
426	274	348
426	273	358
426	273	359
426	262	362
426	208	362
426	209	362
426	273	362
426	349	362
426	273	372
426	273	373
426	349	373
426	262	373
426	121	375
426	259	419
426	325	419
426	325	420
426	259	424
426	325	424
426	259	425
426	259	426
426	325	426
426	262	432
426	274	478
426	274	553
426	274	555
426	274	566
426	349	600
426	349	602
426	262	602
426	349	607
426	134	607
426	325	612
426	274	617
426	349	619
426	262	619
426	349	622
426	274	624
426	6	642
426	121	648
426	259	699
426	325	699
426	121	735
426	134	735
426	121	784
426	274	784
426	166	787
426	274	817
426	262	831
426	208	834
426	209	834
426	259	834
426	121	845
426	349	856
426	274	870
426	134	903
427	164	0
427	59	53
427	112	427
427	99	427
427	30	427
427	112	704
427	227	704
427	135	704
427	227	740
427	227	946
428	313	53
428	253	84
428	313	946
431	136	406
431	183	552
431	183	562
432	81	307
432	134	323
432	134	739
432	81	799
433	134	323
434	258	885
436	142	562
437	175	635
438	254	184
438	327	410
438	327	888
438	255	888
438	188	932
438	188	933
438	188	936
439	329	442
439	188	932
439	188	933
440	81	991
442	142	82
442	142	89
442	61	150
442	293	184
442	142	280
442	254	414
442	175	414
442	254	415
442	175	415
442	293	454
442	175	454
442	318	464
442	142	465
442	341	512
442	341	521
442	142	525
442	142	527
442	58	555
442	142	562
442	142	567
442	58	568
442	293	574
442	293	723
442	142	786
442	142	812
442	58	813
442	142	827
442	142	863
442	142	905
442	142	906
442	142	908
442	142	915
442	254	926
442	175	926
442	293	927
442	175	928
442	142	929
442	50	936
442	188	936
442	61	936
442	50	981
442	81	991
442	188	991
443	142	82
447	81	991
449	339	683
450	188	933
450	81	991
451	134	323
451	147	566
452	258	292
453	81	991
455	81	936
455	81	991
456	97	159
456	319	307
456	56	622
456	166	787
458	81	936
458	81	991
459	188	933
461	97	159
461	256	307
463	341	516
464	11	58
464	183	82
464	43	159
464	330	442
464	183	566
464	183	784
464	183	786
464	183	863
464	183	864
464	330	878
465	330	414
465	330	442
465	230	442
465	183	553
465	183	566
465	183	784
466	134	283
467	265	0
467	265	111
467	41	136
467	230	136
467	41	138
467	306	140
467	41	156
467	230	159
467	40	234
467	58	277
467	265	283
467	306	353
467	41	463
467	265	467
467	306	467
467	265	494
467	41	496
467	58	506
467	40	553
467	40	554
467	58	554
467	58	555
467	40	562
467	58	562
467	40	566
467	58	566
467	166	576
467	41	720
467	41	721
467	265	735
467	166	787
467	166	789
467	58	814
467	40	816
467	58	816
467	58	817
467	40	863
467	265	903
467	40	908
467	40	909
468	231	159
468	224	349
468	183	566
468	224	618
468	230	618
468	299	944
471	319	307
471	166	787
472	190	159
472	190	729
472	228	784
473	35	0
473	279	73
473	15	562
473	15	908
474	20	535
475	65	263
475	65	305
475	246	827
476	121	0
476	68	112
476	319	307
476	278	484
476	256	631
477	121	0
477	259	484
477	183	908
479	121	0
479	319	307
479	166	789
479	107	833
479	223	833
479	223	856
481	121	0
481	144	622
482	231	159
482	306	501
482	166	787
483	319	799
484	121	0
484	319	8
484	20	9
484	93	9
484	183	61
484	68	70
484	72	82
484	66	86
484	68	105
484	97	107
484	66	107
484	300	112
484	210	115
484	20	115
484	262	115
484	319	115
484	53	137
484	325	141
484	278	141
484	256	152
484	210	152
484	346	152
484	79	154
484	97	159
484	66	159
484	121	159
484	79	159
484	259	180
484	68	284
484	300	284
484	68	286
484	300	286
484	68	307
484	300	307
484	111	307
484	346	307
484	319	307
484	262	331
484	183	348
484	97	350
484	66	350
484	97	366
484	97	372
484	223	426
484	278	476
484	325	482
484	259	484
484	325	484
484	278	484
484	53	494
484	66	495
484	53	495
484	53	496
484	93	496
484	79	496
484	66	497
484	53	497
484	20	535
484	349	535
484	111	535
484	111	539
484	79	539
484	134	546
484	72	553
484	183	553
484	183	554
484	183	555
484	183	562
484	183	566
484	166	576
484	53	591
484	97	595
484	53	595
484	346	600
484	262	600
484	319	600
484	111	611
484	68	619
484	262	619
484	104	619
484	111	619
484	79	619
484	20	619
484	93	619
484	256	622
484	300	622
484	111	622
484	210	622
484	20	622
484	346	622
484	256	631
484	79	640
484	66	647
484	79	647
484	319	656
484	262	657
484	319	657
484	111	660
484	259	667
484	325	667
484	278	667
484	262	676
484	111	677
484	66	722
484	262	722
484	134	735
484	134	738
484	78	775
484	319	775
484	262	775
484	79	775
484	111	778
484	72	784
484	166	784
484	183	784
484	166	785
484	53	787
484	166	787
484	166	789
484	319	798
484	256	799
484	319	799
484	278	805
484	20	807
484	319	807
484	319	808
484	319	810
484	183	816
484	183	818
484	183	827
484	223	834
484	223	846
484	319	847
484	223	847
484	97	857
484	66	857
484	53	857
484	262	857
484	111	858
484	183	864
484	72	904
484	183	905
484	72	906
484	183	906
484	183	908
484	72	914
484	183	930
484	121	951
485	121	951
487	121	0
487	53	501
487	166	787
488	269	159
488	69	217
488	166	787
489	69	219
489	68	284
489	68	286
489	134	735
490	257	266
491	121	0
491	319	307
491	166	576
492	245	0
492	166	787
493	270	99
493	271	212
494	245	0
494	255	143
494	41	156
494	231	156
494	231	159
494	40	336
494	231	352
494	306	353
494	327	355
494	306	482
494	306	494
494	327	494
494	255	494
494	41	496
494	123	496
494	306	500
494	306	501
494	72	553
494	185	553
494	145	562
494	183	562
494	145	566
494	183	566
494	166	576
494	306	590
494	72	784
494	145	784
494	185	784
494	72	786
494	185	786
494	166	787
494	166	789
494	40	827
494	231	857
494	40	929
494	40	930
494	185	930
494	72	930
494	245	951
495	245	0
496	245	0
496	231	159
496	166	787
496	245	951
497	245	0
497	231	352
497	231	497
497	339	744
497	183	784
497	72	929
497	185	929
498	245	951
499	231	159
499	245	951
500	245	0
500	231	159
500	231	352
500	306	353
500	306	494
500	255	494
500	41	496
500	306	500
500	40	553
500	145	562
500	145	566
500	166	576
500	306	590
500	72	784
500	185	784
500	145	784
500	166	787
500	235	857
500	40	929
500	40	930
500	185	930
500	72	930
500	245	951
501	245	0
501	231	159
501	40	336
501	306	467
501	306	482
501	306	494
501	41	496
501	123	496
501	306	501
501	184	506
501	183	506
501	184	554
501	183	554
501	184	562
501	183	562
501	184	566
501	183	566
506	334	0
506	72	784
506	160	823
506	98	827
507	337	784
507	160	827
507	338	863
509	58	234
510	276	930
512	1	142
512	58	506
512	339	516
512	58	566
512	183	566
512	58	568
512	166	576
512	1	579
512	129	619
512	166	787
512	320	814
512	320	816
512	257	981
513	1	159
514	145	15
514	183	15
515	183	566
516	339	0
516	44	16
516	1	108
516	1	142
516	1	159
516	263	159
516	58	234
516	320	348
516	316	429
516	58	506
516	44	506
516	1	516
516	339	516
516	72	553
516	58	554
516	58	555
516	72	556
516	58	557
516	58	562
516	44	562
516	58	566
516	275	566
516	58	568
516	1	579
516	339	683
516	1	738
516	72	784
516	72	786
516	320	813
516	320	814
516	320	816
516	320	817
516	320	908
516	257	981
516	52	981
517	32	562
518	166	787
519	52	334
519	339	516
519	320	816
520	327	981
521	1	142
521	1	579
522	330	313
524	160	562
526	72	82
526	160	827
527	339	0
527	334	0
527	98	148
527	174	332
527	214	527
527	160	562
527	194	566
527	339	579
527	173	632
527	160	814
527	160	816
527	72	818
527	160	823
527	275	823
527	160	827
527	98	827
527	275	827
527	160	863
527	160	908
527	275	908
527	261	908
527	214	908
527	47	914
527	72	929
528	32	784
529	342	260
529	228	914
529	228	930
530	162	530
530	339	530
530	324	530
530	143	636
531	144	622
532	121	0
532	215	496
532	134	735
532	319	835
532	223	835
533	69	219
534	183	566
535	23	80
535	154	81
535	32	82
535	86	82
535	86	148
535	153	153
535	220	180
535	32	234
535	221	310
535	221	317
535	221	318
535	134	318
535	165	323
535	105	449
535	7	449
535	154	450
535	220	474
535	220	484
535	134	502
535	105	516
535	7	516
535	32	527
535	153	535
535	154	535
535	317	535
535	154	540
535	221	545
535	134	546
535	32	553
535	86	553
535	32	554
535	86	555
535	86	557
535	32	562
535	86	562
535	32	566
535	86	566
535	32	567
535	32	568
535	57	570
535	212	570
535	109	570
535	166	575
535	166	576
535	105	583
535	221	611
535	153	622
535	154	622
535	317	622
535	134	735
535	134	738
535	134	750
535	32	784
535	212	784
535	86	784
535	166	787
535	212	789
535	166	789
535	32	814
535	32	818
535	86	818
535	32	823
535	32	825
535	57	825
535	86	825
535	32	827
535	32	829
535	105	837
535	220	857
535	32	863
535	284	863
535	282	868
535	109	874
535	153	902
535	154	902
535	32	906
535	32	908
535	86	908
535	32	914
535	57	914
535	212	914
535	86	914
535	32	930
535	212	930
535	86	930
537	86	566
537	32	825
538	130	535
539	32	908
540	7	516
540	221	611
541	220	484
542	144	622
543	258	543
544	73	906
548	69	839
549	180	735
549	166	787
550	121	0
550	134	545
551	297	0
551	269	159
551	180	192
551	269	350
551	193	375
551	217	450
551	297	484
551	180	502
551	20	535
551	269	538
551	297	539
551	20	539
551	278	550
551	297	551
551	259	551
551	325	551
551	166	575
551	166	576
551	76	618
551	20	622
551	217	735
551	180	735
551	72	784
551	166	787
551	217	839
551	20	849
551	76	895
551	76	902
551	217	992
553	138	199
553	222	576
553	108	874
553	172	981
554	339	0
554	72	82
554	173	621
554	160	908
554	339	908
555	160	817
557	337	786
557	337	906
558	160	279
561	160	827
562	339	0
562	334	0
562	72	82
562	236	148
562	88	166
562	334	191
562	138	198
562	130	287
562	174	332
562	160	348
562	334	431
562	72	553
562	72	556
562	160	562
562	131	562
562	138	610
562	173	621
562	174	621
562	72	784
562	160	813
562	160	814
562	320	816
562	160	817
562	160	821
562	160	823
562	275	823
562	160	827
562	275	827
562	160	828
562	160	863
562	72	906
562	160	908
562	339	908
562	214	908
562	334	908
562	268	910
562	160	914
562	72	929
562	173	981
563	137	226
564	138	564
565	334	0
566	72	784
566	72	818
566	160	827
566	214	908
568	339	0
568	275	566
568	339	579
568	275	827
568	214	908
568	47	908
570	166	576
570	252	784
570	166	785
570	166	787
570	282	866
570	252	904
570	252	930
570	278	930
571	183	784
573	147	566
576	167	0
576	315	82
576	315	553
576	315	562
576	167	576
576	315	786
576	315	905
577	199	281
577	234	577
577	182	818
579	263	145
579	26	260
579	263	327
579	276	556
579	183	562
579	184	566
579	145	566
579	183	566
579	99	611
579	163	611
579	230	618
579	134	735
579	276	784
579	166	787
579	166	791
579	276	813
579	276	814
579	276	816
579	145	907
579	276	929
579	276	930
580	231	159
580	245	951
581	72	746
582	134	735
583	282	0
583	140	0
583	63	151
583	21	168
583	181	228
583	257	289
583	316	429
583	58	506
583	58	554
583	58	562
583	74	566
583	58	566
583	166	576
583	1	579
583	129	619
583	316	700
583	282	746
583	87	746
583	166	787
583	21	793
583	320	813
583	320	816
583	58	817
583	74	818
583	74	823
583	320	908
583	183	908
583	316	973
584	65	334
586	205	36
586	144	112
586	205	112
586	144	152
586	144	284
586	205	284
586	144	307
586	205	424
586	297	484
586	349	535
586	349	539
586	205	585
586	259	586
586	325	586
586	144	600
586	144	611
586	349	619
586	144	622
586	242	622
586	349	622
586	144	631
586	144	656
586	144	661
586	325	667
586	259	672
586	144	677
586	349	778
586	144	797
587	144	622
588	231	159
589	245	0
591	245	0
591	306	355
591	72	784
591	145	784
591	185	784
591	166	787
591	245	951
593	245	0
593	231	159
594	166	576
594	166	787
594	166	789
596	276	506
596	128	566
596	276	566
596	183	566
597	166	597
598	20	591
598	166	787
599	184	554
599	166	787
599	166	789
600	7	516
600	32	562
600	221	611
600	54	622
600	221	724
600	32	908
601	93	159
602	18	95
602	19	95
602	134	111
602	18	112
602	19	112
602	18	115
602	19	115
602	134	323
602	18	362
602	19	362
602	147	555
602	147	566
602	147	568
602	134	735
602	157	757
602	157	759
602	147	864
602	134	903
602	147	908
604	183	82
604	183	566
605	20	605
605	166	787
606	63	151
607	90	735
609	245	0
612	262	286
612	273	372
612	259	426
612	349	612
613	221	611
614	92	614
614	68	614
614	134	735
615	339	0
615	342	260
616	48	562
618	233	159
618	327	159
618	231	159
618	263	241
618	151	310
618	151	546
618	298	547
618	184	562
618	183	566
618	129	618
618	163	618
618	326	618
618	163	619
618	163	622
618	263	735
618	263	759
618	32	784
618	86	784
618	185	786
618	166	787
618	184	817
618	32	908
619	18	112
619	19	112
619	165	180
619	86	230
619	237	307
619	317	307
619	221	318
619	147	348
619	273	372
619	165	484
619	105	516
619	7	516
619	32	556
619	321	556
619	147	556
619	212	556
619	57	556
619	32	562
619	147	562
619	32	566
619	283	566
619	147	566
619	86	566
619	221	611
619	281	622
619	282	746
619	32	784
619	321	784
619	165	784
619	147	784
619	212	784
619	86	784
619	32	818
619	86	818
619	32	823
619	32	825
619	106	857
619	32	908
619	147	908
620	32	914
621	72	905
621	150	938
622	164	0
622	7	63
622	23	78
622	23	80
622	32	82
622	321	82
622	212	82
622	86	82
622	23	82
622	57	82
622	221	82
622	23	87
622	23	90
622	134	111
622	18	112
622	19	112
622	33	125
622	33	132
622	165	141
622	7	149
622	33	156
622	106	156
622	33	159
622	106	159
622	165	159
622	32	166
622	105	174
622	165	180
622	32	196
622	283	230
622	86	230
622	32	234
622	86	234
622	86	244
622	284	251
622	85	257
622	26	260
622	85	260
622	165	260
622	280	266
622	32	277
622	32	278
622	221	282
622	134	283
622	232	284
622	232	307
622	281	307
622	317	307
622	54	307
622	221	310
622	165	311
622	221	312
622	165	312
622	221	313
622	33	314
622	221	314
622	105	314
622	221	315
622	7	316
622	221	317
622	165	317
622	221	318
622	221	319
622	282	322
622	221	322
622	221	323
622	134	323
622	106	324
622	221	326
622	221	327
622	238	332
622	232	333
622	32	348
622	283	348
622	221	348
622	273	372
622	232	389
622	317	389
622	23	417
622	165	426
622	99	427
622	105	449
622	106	449
622	7	449
622	26	475
622	165	482
622	165	484
622	106	494
622	106	501
622	7	509
622	23	509
622	105	512
622	7	512
622	105	516
622	106	516
622	33	516
622	7	516
622	221	519
622	7	519
622	105	521
622	7	521
622	32	525
622	283	525
622	32	527
622	284	527
622	86	527
622	317	535
622	32	553
622	321	553
622	212	553
622	86	553
622	32	554
622	283	554
622	86	554
622	32	555
622	283	555
622	86	555
622	32	556
622	321	556
622	212	556
622	86	556
622	57	556
622	283	556
622	32	557
622	86	557
622	32	562
622	105	562
622	86	562
622	283	562
622	284	562
622	32	566
622	105	566
622	86	566
622	283	566
622	284	566
622	32	567
622	86	567
622	32	568
622	321	570
622	275	570
622	212	570
622	109	570
622	7	571
622	7	572
622	33	579
622	282	579
622	7	583
622	232	600
622	221	607
622	134	607
622	221	610
622	264	611
622	221	611
622	165	611
622	281	619
622	317	619
622	238	621
622	165	622
622	232	622
622	54	622
622	280	622
622	281	622
622	317	622
622	30	622
622	165	631
622	23	643
622	165	648
622	317	661
622	165	667
622	165	677
622	112	704
622	112	708
622	186	734
622	134	738
622	59	740
622	282	746
622	221	761
622	32	772
622	32	784
622	321	784
622	72	784
622	105	784
622	212	784
622	86	784
622	57	784
622	283	784
622	32	786
622	212	786
622	86	786
622	221	787
622	166	787
622	105	788
622	317	797
622	232	803
622	32	813
622	283	813
622	284	813
622	165	813
622	283	814
622	32	816
622	283	816
622	284	816
622	86	816
622	32	817
622	105	817
622	283	817
622	32	818
622	86	818
622	32	823
622	283	823
622	86	823
622	32	825
622	321	825
622	212	825
622	32	827
622	283	827
622	284	827
622	86	827
622	281	834
622	221	838
622	106	857
622	32	863
622	283	863
622	86	863
622	32	864
622	283	864
622	86	864
622	282	868
622	32	871
622	109	874
622	109	877
622	280	895
622	72	904
622	32	906
622	32	908
622	283	908
622	86	908
622	34	909
622	86	909
622	32	914
622	321	914
622	212	914
622	86	914
622	57	914
622	283	914
622	32	915
622	32	929
622	321	929
622	212	929
622	86	929
622	283	929
622	32	930
622	321	930
622	212	930
622	86	930
622	282	930
622	283	930
622	54	980
622	232	981
622	281	981
622	179	981
622	327	981
623	270	99
623	304	212
623	84	212
623	141	212
623	270	213
625	130	625
625	72	784
626	32	914
628	215	494
628	66	496
628	215	496
628	346	600
628	256	628
629	240	629
629	223	629
629	111	629
631	121	0
631	183	61
631	346	112
631	325	141
631	97	159
631	66	159
631	259	180
631	256	284
631	300	284
631	300	286
631	346	307
631	319	307
631	221	310
631	32	566
631	183	566
631	262	619
631	256	622
631	346	622
631	111	622
631	20	631
631	111	631
631	66	722
631	134	735
631	166	787
631	346	798
631	256	810
631	66	857
631	262	858
631	111	858
631	121	951
632	32	562
633	283	863
634	262	286
636	228	784
636	348	784
637	305	637
637	121	638
637	339	638
639	269	159
639	93	159
640	18	115
640	19	115
640	134	323
640	157	754
640	157	760
641	273	372
641	274	555
641	134	903
642	97	366
643	56	622
643	349	622
643	94	622
643	319	847
644	205	284
644	319	307
645	297	484
645	9	619
646	215	497
647	262	732
647	166	787
649	319	307
650	166	787
651	7	516
652	94	619
652	92	622
652	349	622
652	94	622
653	32	929
654	166	787
655	166	787
656	86	229
656	86	230
656	210	307
656	221	310
656	7	449
656	32	555
656	32	562
656	32	566
656	86	566
656	221	611
656	319	656
656	32	863
658	94	619
660	86	566
660	349	660
660	262	660
661	319	116
661	205	286
661	319	307
661	32	348
661	97	366
661	349	535
661	32	566
661	86	566
661	349	622
661	317	622
661	94	622
661	319	656
661	166	787
661	166	791
661	32	825
661	32	827
661	262	858
661	32	914
661	57	914
662	319	307
662	97	366
662	166	787
663	215	107
663	68	284
663	319	307
663	325	484
663	97	494
663	215	494
663	262	495
663	215	495
663	215	496
663	166	576
663	215	595
663	262	619
663	111	619
663	79	619
663	20	619
663	94	619
663	72	784
663	166	787
664	215	497
665	240	622
665	94	622
665	166	787
666	349	622
666	166	787
667	121	0
667	111	9
667	97	107
667	319	113
667	121	159
667	66	159
667	262	201
667	68	284
667	205	284
667	94	284
667	68	286
667	205	286
667	319	307
667	183	348
667	259	484
667	325	484
667	53	494
667	53	498
667	20	535
667	94	535
667	72	553
667	183	553
667	166	576
667	319	600
667	256	619
667	262	619
667	111	619
667	79	619
667	210	619
667	20	619
667	94	619
667	256	622
667	103	622
667	20	622
667	346	622
667	349	622
667	94	622
667	319	656
667	94	661
667	346	677
667	94	677
667	262	678
667	111	678
667	79	678
667	278	678
667	94	678
667	134	735
667	262	779
667	166	787
667	319	797
667	319	798
667	319	799
667	319	803
667	278	839
667	97	857
667	66	857
667	94	858
667	111	858
667	121	951
667	349	991
667	94	991
668	319	307
668	56	622
668	97	668
669	121	0
669	94	622
669	319	669
670	97	159
670	32	566
670	319	670
671	111	857
672	144	307
672	205	424
672	325	586
672	349	619
672	94	619
672	144	622
672	242	622
672	94	622
672	94	661
672	205	846
673	205	673
674	94	622
675	205	284
675	205	301
677	32	82
677	97	159
677	86	230
677	32	278
677	205	284
677	317	307
677	319	307
677	7	449
677	72	553
677	32	566
677	283	566
677	86	566
677	221	607
677	221	611
677	262	619
677	56	622
677	281	622
677	349	622
677	94	622
677	349	677
677	94	677
677	32	784
677	166	787
677	32	813
677	32	817
677	283	823
677	86	823
677	32	914
677	57	914
678	183	348
678	278	667
678	20	678
678	111	678
678	94	678
678	79	678
678	166	787
679	94	154
679	262	154
680	94	858
680	262	858
681	68	284
681	319	307
682	26	260
683	230	159
683	339	683
683	43	786
683	43	914
684	149	16
686	263	0
687	175	215
687	127	215
687	32	234
687	32	348
687	86	348
687	254	393
687	329	442
687	127	442
687	175	446
687	127	446
687	329	450
687	127	450
687	32	527
687	32	554
687	86	554
687	32	557
687	86	557
687	32	562
687	86	562
687	32	786
687	32	863
687	329	878
687	347	878
687	102	878
687	127	878
687	347	879
687	127	879
687	127	880
687	127	887
687	32	908
687	86	908
687	32	914
687	32	929
688	347	879
689	32	562
690	32	234
690	329	442
690	32	553
690	32	562
690	32	908
691	70	145
691	80	379
691	70	977
692	32	562
692	283	562
693	7	449
693	32	863
694	198	389
694	32	784
694	32	863
694	32	908
694	327	981
695	32	348
695	72	553
695	32	553
695	32	562
695	82	695
695	61	695
695	55	695
695	124	695
695	125	695
695	126	695
695	72	784
695	32	786
695	72	786
695	72	906
695	32	914
697	32	562
697	127	887
697	32	908
698	127	437
699	134	2
699	259	30
699	6	30
699	349	88
699	134	111
699	262	112
699	14	112
699	208	112
699	209	112
699	349	112
699	262	115
699	14	115
699	208	115
699	209	115
699	349	115
699	134	283
699	208	284
699	349	284
699	349	286
699	262	286
699	349	299
699	134	323
699	274	341
699	273	372
699	121	375
699	259	426
699	325	426
699	274	566
699	349	602
699	134	607
699	259	699
699	325	699
699	134	735
699	274	813
699	349	856
699	134	903
701	18	112
701	19	112
701	221	323
701	134	323
702	283	555
702	32	562
702	32	566
702	283	566
702	29	566
702	335	630
702	335	701
702	335	702
702	32	827
702	29	827
702	86	914
703	112	704
703	227	704
704	59	0
704	164	0
704	135	0
704	59	53
704	243	53
704	227	53
704	227	108
704	31	176
704	59	190
704	112	427
704	99	427
704	227	427
704	59	622
704	31	622
704	112	704
704	59	704
704	227	704
704	135	704
704	112	708
704	59	708
704	227	708
704	112	717
704	112	740
704	59	740
704	227	740
704	112	945
704	227	946
704	112	959
704	227	959
704	112	965
705	112	427
706	112	704
706	112	706
707	59	0
707	112	704
707	227	704
708	59	0
708	164	0
708	59	53
708	59	190
708	112	427
708	99	427
708	112	704
708	59	740
708	227	740
709	227	363
709	112	427
709	227	427
709	112	704
709	135	709
709	227	740
710	164	0
711	164	0
712	59	0
712	112	704
712	227	704
712	59	740
713	59	190
713	227	740
714	227	376
714	112	427
714	112	704
715	166	787
715	278	874
716	166	787
717	227	427
717	278	622
717	166	787
718	59	0
718	227	53
718	59	271
718	112	427
718	59	622
718	112	704
718	227	704
718	112	708
718	112	718
718	227	718
719	164	0
719	112	427
719	99	427
719	112	704
721	41	156
724	183	348
724	215	494
724	111	600
724	319	600
724	79	600
725	325	141
725	215	496
726	79	494
726	215	494
726	166	576
727	215	494
727	319	727
728	72	784
729	183	554
730	319	307
730	166	787
731	183	562
733	72	929
735	323	283
735	206	283
735	323	323
735	323	607
735	90	735
735	323	735
735	206	735
735	207	735
736	323	111
736	157	753
736	157	757
736	157	759
740	59	0
740	164	0
740	59	53
740	59	190
740	227	376
740	112	427
740	99	427
740	227	427
740	31	622
740	112	704
740	59	704
740	135	704
740	112	717
740	59	740
740	227	740
740	135	957
741	239	395
744	255	744
745	155	0
745	72	553
745	339	745
745	155	745
745	155	957
745	155	959
745	155	964
747	190	159
747	170	225
748	221	322
749	349	115
749	14	115
749	349	284
749	134	323
751	128	566
751	263	757
751	263	759
768	152	379
769	183	814
769	183	823
770	339	364
771	108	570
771	108	874
772	72	929
773	160	348
774	26	260
774	275	827
776	224	776
777	186	192
777	183	562
777	153	777
777	32	825
777	86	825
777	183	825
777	255	851
777	32	930
777	321	930
777	212	930
778	7	516
778	32	554
778	221	607
780	32	908
780	32	914
780	257	981
782	32	82
782	86	82
782	32	929
782	212	929
782	86	929
783	32	82
783	72	82
783	198	389
783	32	562
783	86	562
783	86	567
783	86	863
783	32	930
784	172	981
786	334	0
787	167	108
790	166	787
791	167	0
793	145	338
793	183	338
793	145	384
793	183	384
793	145	554
793	183	554
793	145	566
793	183	566
793	145	817
793	183	817
793	145	908
794	183	562
795	183	566
796	94	980
797	283	562
797	32	566
797	86	566
797	317	622
797	86	784
797	32	818
797	32	908
799	18	112
799	18	119
799	19	119
799	134	283
799	221	320
799	273	372
799	17	432
799	32	553
799	134	607
799	221	611
799	134	739
799	134	903
802	346	622
803	283	566
803	221	611
803	54	622
803	32	825
804	23	87
805	121	0
805	278	141
805	319	307
805	278	484
805	72	553
805	183	566
805	166	576
805	134	735
805	166	787
805	319	805
806	245	0
807	221	611
810	329	442
810	32	566
812	334	0
812	174	332
815	72	930
817	48	555
818	48	555
819	48	234
819	168	234
823	168	527
823	168	562
823	75	562
823	320	813
823	320	814
823	320	817
823	160	827
823	168	908
824	160	562
827	339	0
827	334	0
827	72	82
827	72	280
827	174	332
827	72	507
827	160	525
827	72	553
827	160	556
827	160	562
827	168	562
827	75	562
827	48	562
827	58	562
827	72	784
827	72	786
827	320	813
827	320	816
827	320	817
827	236	823
827	160	827
827	236	863
827	72	904
827	72	906
827	160	908
827	339	908
827	236	908
827	72	929
831	134	735
831	157	759
832	190	159
833	18	112
833	19	112
834	18	112
834	19	112
834	273	372
834	134	607
834	134	735
834	134	903
835	32	562
836	319	307
836	166	787
839	121	0
839	259	30
839	262	112
839	97	159
839	205	284
839	349	284
839	262	286
839	319	307
839	319	308
839	134	323
839	97	366
839	72	553
839	166	576
839	262	619
839	134	735
839	319	775
839	166	787
839	319	799
839	319	803
839	259	839
839	325	839
839	66	857
840	35	0
840	171	73
840	15	159
840	15	562
840	15	908
841	319	307
841	215	857
842	121	0
842	215	494
842	121	951
843	163	153
843	183	553
843	184	566
844	319	806
846	349	286
846	262	286
846	32	553
847	23	643
848	58	554
848	58	562
849	221	611
849	20	622
849	134	735
849	166	787
849	220	849
849	109	874
850	349	284
851	327	777
852	121	0
852	319	307
852	319	852
853	154	895
854	32	784
854	86	827
855	245	0
855	306	494
855	166	787
855	40	823
857	151	546
857	184	566
859	232	287
859	86	566
860	72	784
861	72	784
863	160	0
863	339	0
863	334	0
863	138	198
863	160	234
863	339	255
863	72	280
863	160	348
863	130	395
863	334	431
863	160	527
863	72	553
863	275	562
863	98	566
863	173	621
863	174	621
863	72	784
863	160	813
863	160	814
863	320	816
863	160	823
863	275	823
863	160	827
863	98	827
863	160	863
863	339	863
863	236	863
863	72	905
863	160	908
863	334	908
863	160	915
863	173	915
863	72	929
863	173	980
863	173	981
864	173	227
865	339	0
866	12	0
866	230	10
866	322	146
866	72	784
867	270	208
867	141	212
867	270	213
872	160	566
873	58	566
873	166	576
873	166	787
874	282	0
874	278	0
874	252	82
874	278	123
874	282	323
874	252	348
874	252	525
874	252	553
874	252	554
874	252	556
874	252	562
874	252	566
874	278	570
874	166	576
874	278	717
874	252	784
874	166	785
874	166	787
874	166	789
874	166	791
874	252	816
874	252	817
874	252	827
874	282	866
874	278	874
874	252	906
874	252	908
874	282	930
874	252	930
875	278	123
875	166	789
875	252	908
875	252	914
876	166	789
877	282	0
877	252	556
877	278	570
877	166	787
881	109	123
881	2	562
881	283	562
881	32	566
881	2	566
881	221	611
882	328	16
882	149	16
882	233	159
882	328	235
882	149	505
882	145	553
882	145	555
882	149	559
882	233	792
883	293	184
883	142	234
883	293	237
883	254	414
883	175	414
883	146	465
883	142	465
883	142	562
883	142	567
883	293	574
883	293	723
883	183	784
883	142	818
883	142	908
883	142	929
884	142	562
884	142	929
885	216	434
886	175	635
886	183	908
887	58	562
887	61	687
887	58	786
888	254	184
888	146	245
888	142	245
888	255	409
888	327	412
888	175	414
888	175	415
888	255	438
888	327	438
888	146	465
888	142	465
888	50	622
888	255	888
888	327	888
888	255	890
888	175	925
888	293	927
888	175	927
888	50	981
889	329	442
889	255	889
889	327	889
889	254	927
889	50	936
890	293	184
890	175	415
890	146	465
890	142	465
890	50	622
890	146	784
890	142	784
890	327	888
890	255	890
890	327	890
890	175	927
891	320	813
892	327	412
893	128	553
893	185	553
893	276	553
893	151	685
894	221	310
895	32	82
895	212	82
895	86	82
895	32	166
895	86	248
895	115	321
895	32	348
895	86	348
895	336	512
895	336	516
895	32	527
895	32	554
895	32	562
895	86	562
895	32	566
895	86	566
895	212	570
895	204	579
895	204	608
895	115	611
895	32	616
895	212	616
895	86	616
895	115	648
895	115	735
895	204	738
895	157	757
895	32	784
895	212	784
895	86	784
895	115	788
895	32	816
895	32	908
895	86	908
895	86	914
895	32	929
895	212	929
895	86	929
895	32	930
895	86	930
896	154	622
896	115	896
896	154	899
896	153	920
896	154	920
897	115	0
897	115	336
897	156	516
897	7	516
897	115	837
898	26	260
899	115	0
899	115	53
899	23	80
899	32	82
899	212	82
899	23	87
899	283	280
899	212	280
899	115	310
899	115	312
899	115	316
899	115	321
899	115	322
899	221	322
899	115	327
899	0	399
899	153	399
899	154	399
899	100	399
899	7	449
899	115	516
899	7	516
899	7	521
899	115	546
899	115	547
899	115	551
899	86	554
899	86	562
899	32	566
899	86	566
899	115	579
899	115	611
899	165	611
899	115	735
899	115	738
899	32	784
899	212	784
899	86	784
899	57	784
899	283	784
899	115	811
899	221	811
899	32	817
899	32	825
899	115	837
899	115	838
899	153	896
899	153	899
899	154	899
899	100	899
899	101	899
899	32	914
899	57	914
899	212	914
899	283	915
899	153	920
899	154	920
899	32	930
899	115	930
900	115	611
901	134	283
901	147	566
901	134	735
901	157	757
901	157	760
901	157	763
902	153	115
902	153	535
902	154	535
902	134	546
902	32	555
902	32	566
902	86	566
902	221	611
902	154	622
902	204	738
902	154	902
902	32	908
903	323	111
903	323	283
903	323	323
903	323	607
903	323	735
903	157	754
903	157	755
903	157	757
903	157	759
903	157	761
903	157	762
903	90	903
903	323	903
903	206	903
906	48	562
908	160	0
908	236	0
908	334	0
908	339	0
908	282	0
908	72	82
908	194	148
908	98	148
908	236	148
908	88	166
908	334	191
908	138	195
908	339	195
908	138	197
908	160	234
908	236	234
908	275	241
908	339	255
908	178	339
908	160	348
908	291	395
908	334	431
908	160	527
908	214	527
908	72	553
908	160	554
908	160	556
908	72	556
908	160	562
908	194	562
908	13	562
908	214	562
908	275	566
908	214	566
908	47	566
908	268	567
908	214	568
908	339	579
908	173	621
908	174	621
908	192	780
908	192	781
908	174	781
908	72	784
908	166	787
908	160	814
908	320	816
908	160	817
908	72	818
908	49	818
908	160	823
908	275	823
908	178	823
908	339	823
908	98	824
908	160	827
908	98	827
908	261	827
908	71	827
908	47	827
908	275	827
908	160	863
908	236	863
908	160	864
908	158	869
908	72	906
908	160	908
908	98	908
908	131	908
908	99	908
908	37	908
908	261	908
908	71	908
908	236	908
908	334	908
908	47	908
908	339	908
908	214	908
908	268	910
908	47	914
908	72	929
908	72	930
908	160	980
908	173	981
909	194	562
909	275	566
913	182	82
914	48	562
914	222	787
914	166	787
915	72	280
916	164	0
918	166	787
920	186	0
920	86	234
920	186	241
920	154	323
920	153	400
920	153	535
920	154	535
920	32	554
920	186	572
920	221	611
920	154	622
920	241	734
920	186	734
920	186	738
920	154	777
920	32	784
920	86	784
920	32	786
920	86	786
920	275	825
920	86	825
920	186	837
920	153	896
920	154	896
920	32	908
920	153	920
920	154	920
920	153	921
920	32	930
920	153	980
921	32	566
921	154	920
922	154	535
922	32	566
923	86	555
923	32	562
923	212	784
926	72	905
929	334	0
929	138	199
929	172	289
929	172	389
929	48	562
929	222	787
929	166	787
929	108	874
930	138	196
930	48	506
930	48	562
930	48	566
930	166	576
930	222	787
930	166	787
930	48	815
930	172	981
931	65	289
932	86	553
932	32	557
932	32	562
932	86	566
932	221	611
932	32	784
932	32	786
932	32	863
932	32	914
932	32	929
932	32	930
933	32	82
933	32	234
933	32	241
933	329	442
933	189	442
933	329	450
933	189	450
933	32	506
933	32	553
933	86	553
933	32	562
933	86	562
933	32	566
933	32	784
933	86	784
933	32	786
933	32	904
933	32	908
933	32	914
933	32	929
933	32	930
933	32	937
934	151	310
934	263	310
935	18	112
935	19	112
935	18	299
935	19	299
936	32	82
936	32	234
936	32	241
936	329	435
936	189	440
936	329	442
936	189	442
936	329	444
936	329	445
936	189	448
936	329	449
936	189	449
936	329	450
936	329	460
936	32	527
936	32	553
936	32	554
936	32	555
936	32	557
936	32	562
936	32	566
936	86	566
936	32	567
936	32	568
936	32	784
936	86	784
936	32	786
936	32	817
936	32	818
936	32	827
936	32	863
936	32	904
936	32	906
936	32	908
936	32	914
936	86	914
936	32	929
936	32	930
937	160	823
937	72	904
941	327	289
942	68	284
943	339	622
944	340	0
944	160	159
944	230	159
944	183	279
944	224	349
944	160	349
944	230	349
944	272	508
944	183	554
944	272	566
944	230	618
944	183	818
944	183	827
944	289	907
944	183	908
944	183	914
945	112	427
945	112	704
945	227	946
946	227	0
946	112	704
946	227	946
947	183	562
948	121	951
949	134	502
949	276	553
949	184	566
949	276	784
949	263	839
950	69	989
951	177	0
951	93	159
951	134	418
951	225	488
951	93	494
951	134	546
951	166	576
951	134	737
951	166	787
951	134	845
951	225	951
951	69	951
951	225	953
951	69	989
952	166	576
953	77	270
953	339	735
955	166	576
955	166	787
957	164	0
957	99	52
957	112	427
957	99	427
957	112	704
957	135	704
957	112	719
957	227	740
959	164	0
959	31	0
959	243	49
959	59	53
959	59	190
959	31	399
959	112	427
959	99	427
959	31	622
959	112	704
959	135	704
959	227	740
959	112	957
959	135	957
959	112	959
959	30	959
959	135	959
960	59	960
963	18	112
963	19	112
965	164	0
965	99	427
966	164	0
967	134	735
969	134	735
970	69	220
970	134	735
971	26	260
972	69	220
972	134	735
974	68	112
974	97	159
974	269	159
974	93	159
974	134	171
974	69	217
974	69	218
974	69	219
974	69	220
974	68	284
974	68	286
974	269	314
974	297	461
974	297	484
974	269	618
974	93	618
974	93	619
974	262	619
974	349	622
974	134	735
974	132	839
974	69	839
974	132	951
974	69	951
974	93	968
974	132	974
974	297	976
974	134	976
975	134	171
978	23	87
978	105	516
978	105	566
978	302	566
978	302	784
979	238	332
980	264	0
980	327	53
980	32	82
980	165	82
980	72	82
980	212	82
980	86	82
980	23	87
980	86	89
980	32	148
980	106	159
980	284	241
980	26	260
980	257	266
980	32	280
980	86	280
980	257	289
980	327	289
980	255	289
980	221	310
980	221	318
980	264	327
980	238	332
980	327	332
980	86	348
980	7	449
980	327	490
980	7	511
980	7	512
980	105	516
980	7	516
980	7	519
980	7	521
980	283	527
980	86	527
980	32	536
980	283	536
980	72	553
980	284	553
980	32	554
980	283	554
980	86	554
980	32	556
980	321	556
980	212	556
980	57	556
980	283	556
980	32	562
980	86	562
980	32	566
980	283	566
980	86	566
980	283	567
980	284	567
980	32	568
980	321	570
980	212	570
980	282	579
980	7	583
980	264	611
980	221	611
980	241	734
980	221	737
980	282	746
980	72	784
980	321	784
980	212	784
980	32	813
980	86	813
980	32	814
980	275	814
980	32	816
980	283	816
980	86	816
980	32	817
980	86	817
980	32	821
980	32	823
980	275	823
980	32	825
980	32	827
980	283	827
980	275	827
980	86	827
980	283	863
980	86	863
980	282	868
980	109	874
980	165	904
980	32	908
980	283	908
980	86	914
980	86	929
980	321	930
980	212	930
980	86	930
980	57	930
980	282	930
980	257	981
980	260	981
980	327	981
980	54	981
980	317	981
980	255	981
981	264	0
981	282	0
981	255	0
981	327	0
981	327	47
981	327	53
981	255	72
981	32	82
981	283	82
981	212	82
981	86	82
981	23	87
981	7	149
981	327	161
981	255	162
981	32	166
981	255	228
981	32	234
981	32	241
981	26	260
981	327	263
981	257	266
981	10	266
981	32	278
981	32	280
981	86	280
981	257	289
981	260	289
981	327	289
981	255	289
981	179	291
981	327	291
981	221	303
981	54	303
981	221	310
981	264	318
981	221	318
981	282	322
981	229	332
981	238	332
981	327	332
981	327	334
981	255	334
981	260	335
981	327	335
981	255	335
981	32	343
981	255	344
981	327	344
981	32	348
981	283	348
981	86	348
981	198	389
981	7	448
981	7	449
981	26	475
981	32	506
981	7	509
981	7	512
981	7	516
981	7	519
981	255	520
981	7	521
981	32	553
981	212	553
981	86	553
981	32	554
981	283	554
981	86	554
981	86	555
981	32	557
981	32	562
981	275	562
981	86	562
981	283	562
981	284	562
981	32	566
981	283	566
981	284	566
981	86	566
981	32	567
981	283	567
981	86	567
981	283	568
981	212	570
981	282	579
981	221	610
981	264	611
981	221	611
981	229	621
981	238	621
981	139	622
981	139	693
981	139	694
981	282	734
981	282	746
981	238	781
981	32	784
981	212	784
981	86	784
981	32	786
981	212	786
981	86	786
981	32	813
981	283	813
981	275	813
981	86	813
981	32	814
981	275	814
981	284	814
981	86	814
981	32	816
981	275	816
981	283	816
981	86	816
981	32	817
981	283	817
981	275	817
981	86	817
981	32	818
981	86	818
981	32	823
981	275	823
981	32	825
981	32	827
981	327	827
981	275	827
981	86	827
981	284	827
981	264	837
981	32	863
981	283	863
981	86	863
981	32	864
981	282	868
981	282	874
981	72	904
981	32	904
981	212	904
981	86	904
981	32	908
981	283	908
981	86	908
981	32	914
981	212	914
981	86	914
981	32	915
981	86	915
981	154	920
981	32	929
981	283	929
981	212	929
981	86	929
981	32	930
981	72	930
981	212	930
981	86	930
981	282	930
981	32	931
981	317	980
981	327	980
981	255	980
981	89	981
981	257	981
981	260	981
981	327	981
981	139	981
981	16	981
981	179	981
981	52	981
981	54	981
981	280	981
981	345	981
981	317	981
981	255	981
981	89	985
983	26	260
984	7	516
985	282	579
985	238	985
986	329	444
986	32	863
988	93	159
988	153	956
989	93	159
990	86	566
991	254	30
991	32	82
991	32	89
991	32	234
991	32	241
991	32	280
991	32	343
991	86	343
991	86	348
991	329	435
991	329	436
991	329	441
991	329	442
991	189	442
991	329	443
991	329	444
991	329	445
991	329	449
991	329	450
991	329	454
991	329	457
991	32	506
991	32	527
991	86	527
991	32	553
991	86	553
991	32	554
991	32	555
991	32	556
991	32	557
991	32	559
991	32	562
991	86	562
991	32	566
991	86	566
991	32	567
991	32	568
991	244	574
991	221	611
991	32	784
991	32	786
991	32	812
991	32	818
991	86	818
991	32	827
991	32	863
991	32	904
991	32	905
991	32	906
991	32	908
991	86	908
991	32	914
991	212	914
991	86	914
991	32	929
991	32	930
992	297	44
992	169	141
992	169	180
992	346	284
992	253	307
992	221	328
992	297	450
992	79	539
992	221	611
992	79	619
992	346	622
992	253	622
992	346	657
992	253	657
992	79	779
992	79	858
992	297	862
992	282	930
993	317	307
993	79	619
993	169	627
993	281	627
993	281	631
993	54	631
993	253	661
993	282	746
993	281	803
993	281	993
993	317	993
993	54	993
994	346	994
995	38	995
